aop_colors <- list(
  # cores (1-4: mais claro-mais escuro)
  
  "qualitativas" = c(
  `petroleo`        = '#00324a',
  `roxo`            = '#5561A8',
  `lilas`           = '#814681',
  `rosa`            = '#b8446b',
  `laranja`         = '#d25942',
  `amarelo`         = '#ffa600',
  `beje`            = '#c88300'),
  
  #`branco`         = '#f1f1f1',
  "branco"         = '#d9d9d9',
  
  "cinzas" = c(
  `cinza_escuro`   = '#626262',
  `cinza_medio`    = '#808080',
  `cinza_claro`    = '#cccccc'),
  
  "crimson" = c(
  `crimson1`       = '#bf7972',
  `crimson2`       = '#9b7a7a',
  `crimson3`       = '#aba091',
  `crimson4`       = '#5F6987',
  `crimson5`       = '#252B4A'),
  
  "orpheus" = c(
  `orpheu1`       = '#E69E7A',
  `orpheu2`       = '#AB8E89',
  `orpheu3`       = '#AAACB1',
  `orpheu4`       = '#7E95AB',
  `orpheu5`       = '#2F7590',
  `orpheu6`       = '#013337'),
  
  
  "cartola" = c(
  `cartola1`       = '#D08969',
  `cartola2`       = '#B69186',
  `cartola3`       = '#AAACB1',
  `cartola4`       = '#5E88A0',
  `cartola5`       = '#25677E',
  `cartola6`       = '#003338'),
  
  "caqui" = c(
  `caqui1`       = '#764F02',
  `caqui2`       = '#CC9A48',
  `caqui3`       = '#CCBC72',
  `caqui4`       = '#8C91A2',
  `caqui5`       = '#6A79A4',
  `caqui6`       = '#1c2c4a'),
  
  "post" = c(
  `post1`       = '#A3553B',
  `post2`       = '#AB9432',
  `post3`       = '#A3A39E',
  `post4`       = '#70937D',
  `post5`       = '#54778A',
  `post6`       = '#032e3f'),
  
  "wrapper" = c(
  `wrapper1`       = '#C96526',
  `wrapper2`       = '#FFB330',
  `wrapper3`       = '#BD9F68',
  `wrapper4`       = '#7292D8',
  `wrapper5`       = '#2C578D'),
  
  "ipea" = c(
  `ipea1`       = '#9E3A26',
  `ipea2`       = '#a15545',
  `ipea3`       = '#9e6e68',
  `ipea4`       = '#878a97',
  `ipea5`       = '#7696AE',
  `ipea6`       = '#2F6280',
  `ipea7`       = '#063754'),
  
  
  ### animals
  "qualitativo" = c(
  `red0`       = '#620C1A',
  `red1`       = '#872E2B',
  `red2`       = '#A85A3F',
  `red3`       = '#C29365',
  `cinza4`     = '#6c6766',
  `cinza4.1`   = '#c8c8c8',
  `blue1`      = '#6A9BB3',
  `blue2`      = '#326287',
  `blue3`      = '#274370',
  `blue4`      = '#111F4F')
  
  
)
